0 0.49296875 0.83046875 0.22734375 0.2453125
0 0.62890625 0.54140625 0.25 0.20078125
0 0.74921875 0.39765625 0.2125 0.23359375
0 0.81796875 0.25390625 0.22734375 0.140625
0 0.6515625 0.1109375 0.14609375 0.2
0 0.54765625 0.1390625 0.18203125 0.1890625
0 0.56015625 0.34921875 0.20859375 0.24765625
0 0.27890625 0.52578125 0.2140625 0.2546875
0 0.39765625 0.50390625 0.18671875 0.25
0 0.18203125 0.43828125 0.22734375 0.26015625
0 0.21328125 0.31640625 0.2421875 0.15
0 0.20390625 0.215625 0.16953125 0.0921875
0 0.27890625 0.1703125 0.14609375 0.11171875
0 0.4140625 0.275 0.21484375 0.2234375
0 0.40234375 0.1265625 0.171875 0.0890625