0 0.50703125 0.16953125 0.22734375 0.2453125
0 0.37109375 0.45859375 0.25 0.20078125
0 0.25078125 0.60234375 0.2125 0.23359375
0 0.18203125 0.74609375 0.22734375 0.140625
0 0.3484375 0.8890625 0.14609375 0.2
0 0.45234375 0.8609375 0.18203125 0.1890625
0 0.43984375 0.65078125 0.20859375 0.24765625
0 0.72109375 0.47421875 0.2140625 0.2546875
0 0.60234375 0.49609375 0.18671875 0.25
0 0.81796875 0.56171875 0.22734375 0.26015625
0 0.78671875 0.68359375 0.2421875 0.15
0 0.79609375 0.784375 0.16953125 0.0921875
0 0.72109375 0.8296875 0.14609375 0.11171875
0 0.5859375 0.725 0.21484375 0.2234375
0 0.59765625 0.8734375 0.171875 0.0890625