0 0.76796875 0.01953125 0.11640625 0.0390625
0 0.63125 0.03828125 0.1125 0.07578125
0 0.6078125 0.128125 0.11640625 0.1578125
0 0.70703125 0.13203125 0.09453125 0.14921875
0 0.76796875 0.20703125 0.08359375 0.1296875
0 0.6875 0.2984375 0.09921875 0.14921875
0 0.575 0.24765625 0.10390625 0.14375
0 0.45234375 0.325 0.13203125 0.196875
0 0.54765625 0.35234375 0.07890625 0.14375
0 0.5828125 0.47890625 0.11484375 0.1546875
0 0.49453125 0.59140625 0.15 0.14921875
0 0.45703125 0.69296875 0.13671875 0.1890625
0 0.4265625 0.85625 0.128125 0.20546875
0 0.38203125 0.94921875 0.14296875 0.09609375
0 0.484375 0.94375 0.0921875 0.10703125
0 0.55625 0.940625 0.090625 0.1125
0 0.51875 0.83515625 0.08359375 0.16328125
0 0.58046875 0.69609375 0.1234375 0.16640625
0 0.62421875 0.84375 0.10546875 0.16328125
0 0.6015625 0.9703125 0.10546875 0.05390625
0 0.7359375 0.9296875 0.10546875 0.13515625
0 0.7125 0.82265625 0.0703125 0.1265625
0 0.66328125 0.69140625 0.0859375 0.16875
0 0.6671875 0.52421875 0.08125 0.14921875
0 0.68203125 0.41015625 0.07890625 0.11796875
0 0.61328125 0.3828125 0.075 0.16640625
0 0.7609375 0.33125 0.06171875 0.13515625
0 0.80078125 0.42421875 0.075 0.11796875
0 0.7640625 0.52109375 0.090625 0.13203125
0 0.846875 0.55234375 0.07890625 0.14921875
0 0.79296875 0.76875 0.090625 0.1609375
0 0.76875 0.66796875 0.090625 0.0984375
0 0.7921875 0.88046875 0.06171875 0.11796875