0 0.92265625 0.8421875 0.1234375 0.14609375
0 0.89765625 0.66796875 0.1296875 0.140625
0 0.790625 0.63828125 0.1234375 0.14921875
0 0.7875 0.76484375 0.11640625 0.12109375
0 0.72890625 0.8421875 0.1015625 0.10703125
0 0.6578125 0.7390625 0.11640625 0.1265625
0 0.696875 0.59609375 0.1125 0.13203125
0 0.63671875 0.4390625 0.15390625 0.16875
0 0.615625 0.5609375 0.1125 0.1015625
0 0.51640625 0.60546875 0.12109375 0.14609375
0 0.428125 0.49296875 0.11640625 0.19140625
0 0.34921875 0.4453125 0.14765625 0.175
0 0.22109375 0.40546875 0.1609375 0.16328125
0 0.1078125 0.34921875 0.15390625 0.18046875
0 0.121875 0.48046875 0.14296875 0.115625
0 0.1390625 0.571875 0.11875 0.1125
0 0.2375 0.52421875 0.128125 0.10703125
0 0.346875 0.603125 0.1296875 0.1578125
0 0.23125 0.659375 0.128125 0.13515625
0 0.0890625 0.6296875 0.12578125 0.13203125
0 0.06796875 0.75390625 0.128125 0.13203125
0 0.16171875 0.8015625 0.1078125 0.13203125
0 0.24765625 0.771875 0.09921875 0.08984375
0 0.35 0.70859375 0.13203125 0.11015625
0 0.48125 0.7140625 0.11640625 0.10390625
0 0.5703125 0.73203125 0.0921875 0.1015625
0 0.59140625 0.6453125 0.1296875 0.09609375
0 0.63203125 0.83359375 0.10546875 0.07890625
0 0.559375 0.884375 0.0921875 0.09609375
0 0.48359375 0.83828125 0.10390625 0.115625
0 0.459375 0.94375 0.11640625 0.1015625
0 0.28984375 0.875 0.12578125 0.115625
0 0.36875 0.84375 0.07734375 0.115625
0 0.20234375 0.8734375 0.0921875 0.07890625